1601.00901
1601.01705
1601.04012
1601.06068
1602.00812
1602.01208
1602.01595
1602.03661
1602.07618
1602.08741
1603.00968
1603.04513
1604.00117
1604.05781
1604.07236
1605.07683
1605.08675
1606.01404
1606.01433
1606.02006
1606.05286
1606.05320
1606.06361
1606.07298
1606.08140
1606.08495
1607.00410
1607.01759
1607.03542
1607.05408
1607.06025
1608.02195
1608.03902
1608.04917
1608.06111
1608.06378
1609.00081
1609.01962
1609.04186
1610.00879
1610.01030
1610.03112
1610.05243
1610.09516
1611.01400
1611.04642
1611.09441
1612.04675
1612.05310
1612.06897
1612.07843
1701.00185
1701.02877
1701.03214
1701.04653
1701.08118
1701.09123
1702.01517
1702.02363
1702.03274
1702.06589
1702.06700
1702.06777
1703.02507
1703.04617
1703.05260
1703.05916
1703.08885
1703.09684
1704.00177
1704.00939
1704.02385
1704.02686
1704.04521
1704.04539
1704.05572
1704.05907
1704.06125
1704.08424
1704.08960
1705.00108
1705.01991
1705.02394
1705.03151
1705.03487
1705.07830
1705.08142
1705.10586
1706.01450
1706.01723
1706.02027
1706.04115
1706.04815
1706.07206
1706.08032
1706.09147
1707.00110
1707.00995
1707.02377
1707.03764
1707.03904
1707.04662
1707.06939
1707.07048
1707.07554
1707.07922
1707.08559
1708.00111
1708.00214
1708.00481
1708.01776
1708.02267
1708.04120
1708.04557
1708.06022
1708.08615
1708.09157
1708.09609
1709.00387
1709.00947
1709.02271
1709.05404
1709.05411
1709.05413
1709.05563
1709.06671
1709.08858
1709.09119
1709.10217
1709.10445
1710.01492
1710.02772
1710.06536
1710.06700
1710.07395
1710.08396
1710.09340
1710.09589
1710.09753
1710.10609
1711.00106
1711.00331
1711.02013
1711.03438
1711.04457
1711.05345
1711.05568
1711.06351
1711.10124
1711.11221
1712.00609
1712.02121
1712.03547
1712.03556
1712.09127
1801.02243
1801.07537
1801.09030
1802.00273
1802.05322
1802.05574
1803.02839
1803.03664
1803.07771
1803.09230
1804.00079
1804.00520
1804.02233
1804.05868
1804.06506
1804.08050
1804.08094
1804.08139
1804.08186
1804.08782
1804.09301
1804.10686
1804.11297
1805.00460
1805.02400
1805.03122
1805.04033
1805.04570
1805.05581
1805.09959
1805.11535
1805.12032
1805.12070
1806.01733
1806.02847
1806.02908
1806.03191
1806.04524
1806.04535
1806.07711
1806.09103
1806.11322
1807.00868
1807.03367
1807.05154
1807.08204
1807.08447
1807.08666
1807.09000
1807.09671
1807.11714
1808.00265
1808.02113
1808.03430
1808.03815
1808.03894
1808.03986
1808.04314
1808.04614
1808.05077
1808.05902
1808.06834
1808.07625
1808.08850
1808.09409
1808.09633
1808.09920
1808.10113
1808.10267
1809.01060
1809.01341
1809.01500
1809.02494
1809.04686
1809.04960
1809.05752
1809.06963
1809.08298
1809.08510
1809.08652
1809.08731
1809.09795
1809.10644
1810.00663
1810.01570
1810.03459
1810.04528
1810.05320
1810.05334
1810.07091
1810.08732
1810.09774
1810.10254
1810.10797
1810.11118
1810.12885
1810.13024
1811.00266
1811.00942
1811.01001
1811.01088
1811.01299
1811.01399
1811.02906
1811.04604
1811.05085
1811.07684
1811.09529
1811.11136
1812.01704
1812.02802
1812.06038
1812.06876
1812.07023
1901.00570
1901.01911
1901.02222
1901.02257
1901.02534
1901.03438
1901.03860
1901.03866
1901.04085
1901.04899
1901.05280
1901.09755
1901.10746
1901.11117
1902.00330
1902.00672
1902.00756
1902.06843
1902.07285
1902.09314
1902.09393
1902.10525
1902.11049
1903.00058
1903.00172
1903.03467
1903.07398
1903.08237
1903.09588
1904.01608
1904.02815
1904.03339
1904.04019
1904.04055
1904.05527
1904.05584
1904.06941
1904.07342
1904.08386
1904.09545
1904.09678
1904.09708
1904.10500
1904.11942
1904.12087
1904.12535
1905.01715
1905.01962
1905.06512
1905.06566
1905.06906
1905.07464
1905.07471
1905.08949
1905.09866
1905.10044
1905.10238
1905.10247
1905.10702
1905.10810
1905.11037
1905.11901
1905.12260
1905.13413
1905.13497
1906.00180
1906.00378
1906.01183
1906.01512
1906.01840
1906.01910
1906.01946
1906.02715
1906.03338
1906.03538
1906.04571
1906.05474
1906.05963
1906.06045
1906.06442
1906.06448
1906.07668
1906.08286
1906.10519
1906.10551
1906.11180
1907.00758
1907.02030
1907.02636
1907.04152
1907.04380
1907.05403
1907.05664
1907.06458
1907.08501
1907.08937
1907.10738
1907.11062
1907.11499
1907.11907
1908.00153
1908.02402
1908.04917
1908.05434
1908.05763
1908.05969
1908.06006
1908.06083
1908.06151
1908.06379
1908.06556
1908.06606
1908.06725
1908.07816
1908.07822
1908.08419
1908.08593
1908.09951
1908.10275
1908.10322
1908.10383
1908.10449
1908.11279
1908.11546
1908.11860
1909.00088
1909.00100
1909.00124
1909.00153
1909.00154
1909.00183
1909.00252
1909.00279
1909.00338
1909.00361
1909.00430
1909.00542
1909.00574
1909.00578
1909.00694
1909.00754
1909.00997
1909.01013
1909.01093
1909.01247
1909.01492
1909.01638
1909.01958
1909.02265
1909.02480
1909.02560
1909.02635
1909.02764
1909.02776
1909.03023
1909.03242
1909.03464
1909.03544
1909.04181
1909.04453
1909.04625
1909.05016
1909.05246
1909.05358
1909.05478
1909.05855
1909.06434
1909.06762
1909.07512
1909.07593
1909.07734
1909.07863
1909.08103
1909.08167
1909.08191
1909.08306
1909.08402
1909.08752
1909.08824
1909.09484
1909.09491
1909.09524
1909.09779
1909.09986
1909.11467
1909.11833
1909.12140
1909.12231
1909.12642
1909.12673
1909.13375
1909.13695
1909.13717
1910.00194
1910.00458
1910.00825
1910.00912
1910.01363
1910.02334
1910.02754
1910.02789
1910.03042
1910.03484
1910.03771
1910.03814
1910.04006
1910.04269
1910.04519
1910.04601
1910.04887
1910.05154
1910.05456
1910.05752
1910.06748
1910.07134
1910.07181
1910.07481
1910.08210
1910.08418
1910.08502
1910.08987
1910.09295
1910.10288
1910.10324
1910.10408
1910.10869
1910.11204
1910.11235
1910.11471
1910.11491
1910.11493
1910.11768
1910.11769
1910.11949
1910.12129
1910.12354
1910.12618
1910.13890
1910.14254
1910.14497
1911.00069
1911.00473
1911.00523
1911.00547
1911.01188
1911.01799
1911.02711
1911.02821
1911.03058
1911.03154
1911.03243
1911.03310
1911.03350
1911.03385
1911.03514
1911.03562
1911.03584
1911.03705
1911.03894
1911.04952
1911.05153
1911.05343
1911.05960
1911.06171
1911.06191
1911.08673
1911.08829
1911.08915
1911.08962
1911.09419
1911.09483
1911.09845
1911.09886
1911.11744
1911.11750
1911.11933
1911.11951
1911.12569
1911.12579
1911.13066
1911.13087
1912.00159
1912.00423
1912.00582
1912.00819
1912.00864
1912.00955
1912.01046
1912.01220
1912.01252
1912.01673
1912.01679
1912.02481
1912.02761
1912.03184
1912.03234
1912.03457
1912.05238
1912.06670
1912.06813
1912.06927
1912.07025
1912.07976
1912.08320
1912.09152
1912.09713
1912.10167
1912.10435
1912.10806
1912.11602
1912.13072
2001.00137
2001.00582
2001.01589
2001.02214
2001.02943
2001.03632
2001.05284
2001.05467
2001.05493
2001.05672
2001.05970
2001.06354
2001.06785
2001.06888
2001.07209
2001.07615
2001.08051
2001.08845
2001.09332
2001.09899
2001.10161
2001.11268
2002.00652
2002.00876
2002.01030
2002.01359
2002.01861
2002.02224
2002.02427
2002.02492
2002.02562
2002.02758
2002.02800
2002.03438
2002.05058
2002.05104
2002.06644
2002.06675
2002.08126
2002.08307
2002.08899
2002.09637
2002.09758
2002.10361
2002.10832
2002.11268
2002.11402
2002.11893
2002.12328
2003.00576
2003.00639
2003.01006
2003.01472
2003.01769
2003.04967
2003.04973
2003.05522
2003.06044
2003.06279
2003.06651
2003.07433
2003.07723
2003.07758
2003.07996
2003.08132
2003.08370
2003.08529
2003.08808
2003.08897
2003.09520
2003.09586
2003.10816
2003.12218
2003.12738
2003.12932
2004.00139
2004.01670
2004.01694
2004.01878
2004.01894
2004.01980
2004.02083
2004.02393
2004.02451
2004.02929
2004.03034
2004.03061
2004.03329
2004.03744
2004.03762
2004.03925
2004.04228
2004.04315
2004.04435
2004.04696
