1601.01705
1601.02543
1601.04012
1602.00812
1602.01208
1602.01595
1602.03661
1603.00968
1603.01417
1603.04513
1603.04553
1603.07044
1604.00117
1604.00125
1604.06076
1604.07236
1605.04655
1605.07683
1605.08675
1606.00189
1606.01404
1606.01433
1606.04631
1606.05286
1606.05320
1606.06361
1606.08140
1606.08495
1607.00410
1607.00424
1607.03542
1607.05408
1607.06025
1607.06275
1608.03902
1608.04917
1608.06378
1608.08738
1609.00081
1609.01962
1609.04186
1609.06791
1610.00879
1610.01030
1610.03112
1610.04377
1610.08597
1610.09516
1611.00514
1611.01400
1611.02550
1611.03382
1611.04642
1612.04675
1612.05270
1612.05310
1612.06897
1612.09113
1701.00185
1701.02025
1701.03051
1701.04653
1701.06538
1701.08118
1701.09123
1702.01517
1702.02363
1702.03274
1702.06378
1702.06589
1702.06777
1703.02507
1703.04617
1703.05260
1703.05916
1703.06492
1703.08098
1703.08885
1704.00177
1704.00253
1704.00939
1704.02385
1704.02686
1704.04521
1704.04539
1704.05572
1704.06125
1704.08424
1704.08960
1705.00108
1705.00861
1705.01991
1705.02394
1705.03151
1705.03261
1705.07368
1705.08142
1705.09665
1705.10586
1706.01450
1706.01723
1706.02027
1706.04115
1706.07179
1706.07206
1706.08032
1706.09147
1707.00110
1707.00995
1707.02377
1707.03764
1707.03904
1707.04662
1707.04913
1707.05853
1707.06878
1707.06939
1707.06945
1707.07048
1707.07554
1707.07922
1708.00077
1708.00111
1708.00214
1708.01776
1708.02267
1708.04120
1708.05592
1708.05873
1708.06022
1708.07241
1708.08615
1708.09157
1708.09609
1709.00387
1709.00947
1709.01256
1709.05411
1709.05413
1709.06671
1709.07916
1709.08299
1709.08858
1709.10217
1710.00341
1710.01492
1710.01507
1710.02772
1710.06536
1710.07395
1710.08396
1710.09340
1710.09589
1710.10609
1711.00106
1711.00331
1711.02013
1711.03438
1711.04457
1711.05345
1711.05568
1711.06288
1711.10124
1711.11221
1712.00609
1712.02121
1712.03547
1712.03556
1712.09127
1801.09030
1802.00273
1802.00923
1802.05322
1802.05574
1803.02839
1803.03664
1803.03786
1803.07771
1803.09745
1804.02233
1804.03396
1804.04225
1804.05868
1804.08094
1804.08139
1804.08186
1804.08782
1804.09301
1804.10686
1805.00460
1805.00760
1805.02400
1805.03122
1805.04570
1805.05581
1805.07513
1805.11535
1805.12032
1806.00722
1806.01733
1806.02847
1806.03191
1806.04524
1806.04535
1806.07711
1806.09103
1806.11322
1807.05154
1807.07961
1807.08204
1807.08666
1807.09000
1807.09671
1808.02022
1808.02113
1808.03430
1808.03815
1808.03894
1808.03986
1808.04314
1808.04614
1808.05077
1808.05902
1808.08780
1808.08850
1808.09409
1808.09633
1808.09920
1808.10113
1808.10267
1809.01341
1809.01500
1809.02494
1809.02731
1809.04960
1809.05752
1809.07629
1809.08298
1809.08510
1809.08652
1809.10644
1810.00663
1810.01570
1810.02100
1810.03459
1810.05320
1810.05334
1810.06743
1810.07091
1810.08732
1810.10254
1810.10797
1810.11118
1810.12885
1810.13024
1811.00266
1811.00625
1811.00854
1811.00942
1811.01001
1811.01299
1811.01734
1811.02076
1811.02906
1811.04604
1811.05085
1811.07684
1811.08048
1811.09353
1811.09529
1811.09786
1811.11136
1811.11365
1812.03593
1812.06038
1812.06705
1812.06876
1812.07023
1812.08879
1812.10860
1901.00439
1901.00570
1901.01911
1901.02222
1901.02257
1901.02262
1901.03438
1901.03859
1901.03860
1901.04085
1901.09755
1901.10746
1901.10826
1901.11117
1902.00330
1902.00756
1902.00821
1902.06843
1902.07285
1902.09087
1902.09314
1902.09393
1902.10525
1902.11049
1903.00058
1903.00172
1903.03467
1903.09588
1904.00648
1904.01608
1904.02357
1904.02815
1904.04019
1904.04055
1904.05527
1904.05584
1904.05862
1904.06941
1904.07342
1904.09545
1904.11942
1904.12535
1905.00563
1905.01715
1905.06512
1905.06566
1905.06906
1905.07464
1905.07471
1905.08949
1905.09866
1905.10044
1905.10238
1905.10702
1905.10810
1905.11901
1905.13413
1905.13497
1906.00180
1906.00378
1906.01512
1906.01840
1906.01910
1906.03538
1906.04571
1906.05012
1906.05474
1906.06045
1906.06442
1906.06448
1906.07668
1906.08286
1906.08382
1906.09774
1906.09777
1906.10519
1906.10551
1906.11180
1906.11604
1907.00455
1907.00758
1907.00854
1907.01413
1907.02030
1907.02636
1907.04152
1907.04380
1907.05403
1907.05664
1907.06458
1907.08501
1907.08937
1907.10738
1907.11062
1907.11499
1907.11907
1907.12108
1908.00153
1908.01060
1908.02322
1908.02402
1908.04531
1908.04917
1908.05763
1908.06006
1908.06138
1908.06379
1908.06556
1908.06606
1908.06725
1908.06809
1908.07218
1908.07816
1908.07822
1908.08419
1908.08566
1908.08593
1908.09137
1908.09156
1908.10275
1908.10322
1908.10383
1908.10422
1908.10449
1908.11365
1908.11425
1908.11860
1909.00107
1909.00124
1909.00154
1909.00161
1909.00170
1909.00279
1909.00324
1909.00338
1909.00542
1909.00574
1909.00578
1909.00694
1909.00754
1909.00997
1909.01013
1909.01093
1909.01492
1909.01515
1909.01958
1909.02265
1909.02560
1909.02635
1909.02764
1909.02776
1909.03464
1909.03526
1909.03544
1909.04181
1909.04453
1909.04556
1909.05016
1909.05017
1909.05246
1909.05358
1909.05360
1909.05438
1909.05478
1909.05855
1909.05890
1909.06434
1909.06522
1909.06762
1909.06937
1909.07512
1909.07734
1909.07863
1909.08041
1909.08103
1909.08167
1909.08191
1909.08824
1909.08859
1909.09018
1909.09268
1909.09270
1909.09484
1909.09491
1909.09986
1909.11189
1909.11297
1909.11467
1909.11833
1909.11879
1909.12231
1909.12642
1909.12673
1909.13362
1909.13668
1909.13695
1909.13717
1910.00194
1910.00825
1910.02334
1910.02339
1910.02754
1910.02789
1910.03467
1910.03484
1910.03771
1910.03814
1910.03891
1910.04269
1910.04519
1910.04601
1910.04887
1910.05154
1910.05456
1910.05608
1910.05752
1910.06061
1910.06701
1910.07134
1910.07481
1910.08210
1910.08418
1910.08772
1910.09295
1910.09399
1910.10288
1910.10324
1910.10408
1910.10869
1910.11471
1910.11493
1910.11768
1910.11769
1910.11790
1910.11949
1910.12354
1910.12618
1910.13215
1910.14254
1910.14443
1910.14497
1911.00069
1911.00473
1911.00523
1911.00547
1911.01188
1911.01680
1911.02086
1911.02711
1911.02821
1911.03058
1911.03154
1911.03270
1911.03350
1911.03385
1911.03514
1911.03584
1911.03597
1911.03681
1911.03705
1911.03842
1911.04952
1911.05343
1911.05960
1911.06171
1911.06191
1911.06192
1911.06747
1911.07228
1911.08673
1911.08915
1911.08962
1911.08976
1911.09419
1911.09845
1911.09886
1911.11698
1911.11744
1911.11933
1911.11951
1911.12569
1912.00159
1912.00582
1912.00819
1912.00871
1912.00955
1912.01046
1912.01220
1912.01673
1912.02481
1912.03184
1912.03234
1912.03457
1912.05066
1912.05238
1912.06927
1912.07025
1912.09152
1912.09713
1912.10167
1912.10435
1912.11602
1912.13072
1912.13109
2001.01589
2001.02214
2001.02380
2001.02943
2001.03632
2001.05284
2001.05467
2001.05672
2001.05970
2001.06286
2001.06354
2001.06888
2001.07209
2001.07263
2001.08051
2001.09332
2001.10179
2001.11381
2002.00317
2002.00652
2002.00876
2002.01030
2002.01359
2002.01861
2002.02224
2002.02427
2002.02492
2002.02562
2002.02758
2002.02800
2002.03438
2002.05058
2002.05104
2002.05829
2002.06053
2002.06424
2002.06675
2002.08126
2002.08307
2002.08899
2002.09637
2002.09758
2002.10361
2002.10832
2002.11268
2002.11402
2002.11893
2002.12328
2003.00576
2003.01006
2003.02639
2003.03612
2003.04032
2003.04973
2003.05377
2003.05995
2003.06279
2003.06651
2003.07433
2003.07723
2003.07758
2003.08132
2003.08370
2003.08529
2003.08553
2003.08808
2003.08897
2003.09520
2003.09586
2003.09971
2003.10816
2003.12218
2003.12738
2003.12932
2004.00139
2004.01670
2004.01694
2004.01878
2004.01894
2004.02083
2004.02393
2004.02451
2004.03061
2004.03329
2004.03685
2004.03762
2004.03788
2004.03925
2004.04228
2004.04315
2004.04435
2004.04696
